255 255 255 255 255 255 255 255 255 255 255 255 255 255 255 255
255 255 255 255 255 255 255 255 255 255 255 255 255 255 255 255
255 255   0   0   0   0   0   0   0   0   0   0   0   0 255 255
255 255   0   0   0   0   0   0   0   0   0   0   0   0 255 255
255 255   0   0   0   0   0   0   0   0   0   0   0   0 255 255
255 255   0   0   0 251 228 228 228 228 251   0   0   0 255 255
255 255   0   0   0 228 255 255 255 255 228   0   0   0 255 255
255 255   0   0   0 228   0 255 255   0 228   0   0   0 255 255
255 255   0   0   0 228   0   0 255 255 228   0   0   0 255 255
255 255   0   0   0 228 255   0   0 255 228   0   0   0 255 255
255 255   0   0   0 251 228 228 228 228 251   0   0   0 255 255
255 255   0   0   0   0   0   0   0   0   0   0   0   0 255 255
255 255   0   0   0   0   0   0   0   0   0   0   0   0 255 255
255 255   0   0   0   0   0   0   0   0   0   0   0   0 255 255
255 255 255 255 255 255 255 255 255 255 255 255 255 255 255 255
255 255 255 255 255 255 255 255 255 255 255 255 255 255 255 255
255 255 255 255 255 255 255 255 255 255 255 255 255 255 255 255
255 255 255 255 255 255 255 255 255 255 255 255 255 255 255 255
255 255   0   0   0   0   0   0   0   0   0   0   0   0 255 255
255 255   0   0   0   0   0   0   0   0   0   0   0   0 255 255
255 255   0   0   0   0   0   0   0   0   0   0   0   0 255 255
255 255   0   0   0 251 228 228 228 228 251   0   0   0 255 255
255 255   0   0   0 228 255 255 255 255 228   0   0   0 255 255
255 255   0   0   0 228   0 255 255   0 228   0   0   0 255 255
255 255   0   0   0 228   0   0 255 255 228   0   0   0 255 255
255 255   0   0   0 228 255   0   0 255 228   0   0   0 255 255
255 255   0   0   0 251 228 228 228 228 251   0   0   0 255 255
255 255   0   0   0   0   0   0   0   0   0   0   0   0 255 255
255 255   0   0   0   0   0   0   0   0   0   0   0   0 255 255
255 255   0   0   0   0   0   0   0   0   0   0   0   0 255 255
255 255 255 255 255 255 255 255 255 255 255 255 255 255 255 255
255 255 255 255 255 255 255 255 255 255 255 255 255 255 255 255
255 255 255 255 255 255 255 255 255 255 255 255 255 255 255 255
255 255 255 255 255 255 255 255 255 255 255 255 255 255 255 255
255 255   0   0   0   0   0   0   0   0   0   0   0   0 255 255
255 255   0   0   0   0   0   0   0   0   0   0   0   0 255 255
255 255   0   0   0   0   0   0   0   0   0   0   0   0 255 255
255 255   0   0   0 251 228 228 228 228 251   0   0   0 255 255
255 255   0   0   0 228 255 255 255 255 228   0   0   0 255 255
255 255   0   0   0 228   0 255 255   0 228   0   0   0 255 255
255 255   0   0   0 228   0   0 255 255 228   0   0   0 255 255
255 255   0   0   0 228 255   0   0 255 228   0   0   0 255 255
255 255   0   0   0 251 228 228 228 228 251   0   0   0 255 255
255 255   0   0   0   0   0   0   0   0   0   0   0   0 255 255
255 255   0   0   0   0   0   0   0   0   0   0   0   0 255 255
255 255   0   0   0   0   0   0   0   0   0   0   0   0 255 255
255 255 255 255 255 255 255 255 255 255 255 255 255 255 255 255
255 255 255 255 255 255 255 255 255 255 255 255 255 255 255 255

255 255 255 255 255 255 255 255 255 255 255 255 255 255 255 255
255 255 255 255 255 255 255 255 255 255 255 255 255 255 255 255
255 255   0   0   0   0   0   0   0   0   0   0   0   0 255 255
255 255   0   0   0   0   0   0   0   0   0   0   0   0 255 255
255 255   0   0   0   0   0   0   0   0   0   0   0   0 255 255
255 255   0   0   0 251 228 228 228 228 251   0   0   0 255 255
255 255   0   0   0 228 255   0 255 255 228   0   0   0 255 255
255 255   0   0   0 228 255 255 255   0 228   0   0   0 255 255
255 255   0   0   0 228 255 255   0   0 228   0   0   0 255 255
255 255   0   0   0 228 255   0   0 255 228   0   0   0 255 255
255 255   0   0   0 251 228 228 228 228 251   0   0   0 255 255
255 255   0   0   0   0   0   0   0   0   0   0   0   0 255 255
255 255   0   0   0   0   0   0   0   0   0   0   0   0 255 255
255 255   0   0   0   0   0   0   0   0   0   0   0   0 255 255
255 255 255 255 255 255 255 255 255 255 255 255 255 255 255 255
255 255 255 255 255 255 255 255 255 255 255 255 255 255 255 255
255 255 255 255 255 255 255 255 255 255 255 255 255 255 255 255
255 255 255 255 255 255 255 255 255 255 255 255 255 255 255 255
255 255   0   0   0   0   0   0   0   0   0   0   0   0 255 255
255 255   0   0   0   0   0   0   0   0   0   0   0   0 255 255
255 255   0   0   0   0   0   0   0   0   0   0   0   0 255 255
255 255   0   0   0 251 228 228 228 228 251   0   0   0 255 255
255 255   0   0   0 228 255   0 255 255 228   0   0   0 255 255
255 255   0   0   0 228 255 255 255   0 228   0   0   0 255 255
255 255   0   0   0 228 255 255   0   0 228   0   0   0 255 255
255 255   0   0   0 228 255   0   0 255 228   0   0   0 255 255
255 255   0   0   0 251 228 228 228 228 251   0   0   0 255 255
255 255   0   0   0   0   0   0   0   0   0   0   0   0 255 255
255 255   0   0   0   0   0   0   0   0   0   0   0   0 255 255
255 255   0   0   0   0   0   0   0   0   0   0   0   0 255 255
255 255 255 255 255 255 255 255 255 255 255 255 255 255 255 255
255 255 255 255 255 255 255 255 255 255 255 255 255 255 255 255
255 255 255 255 255 255 255 255 255 255 255 255 255 255 255 255
255 255 255 255 255 255 255 255 255 255 255 255 255 255 255 255
255 255   0   0   0   0   0   0   0   0   0   0   0   0 255 255
255 255   0   0   0   0   0   0   0   0   0   0   0   0 255 255
255 255   0   0   0   0   0   0   0   0   0   0   0   0 255 255
255 255   0   0   0 251 228 228 228 228 251   0   0   0 255 255
255 255   0   0   0 228 255   0 255 255 228   0   0   0 255 255
255 255   0   0   0 228 255 255 255   0 228   0   0   0 255 255
255 255   0   0   0 228 255 255   0   0 228   0   0   0 255 255
255 255   0   0   0 228 255   0   0 255 228   0   0   0 255 255
255 255   0   0   0 251 228 228 228 228 251   0   0   0 255 255
255 255   0   0   0   0   0   0   0   0   0   0   0   0 255 255
255 255   0   0   0   0   0   0   0   0   0   0   0   0 255 255
255 255   0   0   0   0   0   0   0   0   0   0   0   0 255 255
255 255 255 255 255 255 255 255 255 255 255 255 255 255 255 255
255 255 255 255 255 255 255 255 255 255 255 255 255 255 255 255

255 255 255 255 255 255 255 255 255 255 255 255 255 255 255 255
255 172 109 109 109 109 109 109 109 109 109 109 109 109 178 255
255 109   0   0   0   0   0   0   0   0   0   0   0   0 120 255
255 109   0   0   0   0   0   0   0   0   0   0   0   0 120 255
255 109   0   0  33  92  92  92  92  92  92  30   0   0 120 255
255 109   0   0  92 194 136 133 133 135 198  82   0   0 120 255
255 109   0   0  92 136 130  74  49 103 142  82   0   0 120 255
255 109   0   0  92 138 190 249 120  53 141  82   0   0 120 255
255 109   0   0  92 133  67 251 249  60 141  82   0   0 120 255
255 109   0   0  92 135 119 176 176 109 142  82   0   0 120 255
255 109   0   0  92 198 143 143 143 142 203  82   0   0 120 255
255 109   0   0  30  82  82  82  82  82  82  26   0   0 120 255
255 109   0   0   0   0   0   0   0   0   0   0   0   0 120 255
255 109   0   0   0   0   0   0   0   0   0   0   0   0 120 255
255 178 120 120 120 120 120 120 120 120 120 120 120 120 183 255
255 255 255 255 255 255 255 255 255 255 255 255 255 255 255 255
255 255 255 255 255 255 255 255 255 255 255 255 255 255 255 255
255 172 109 109 109 109 109 109 109 109 109 109 109 109 178 255
255 109   0   0   0   0   0   0   0   0   0   0   0   0 120 255
255 109   0   0   0   0   0   0   0   0   0   0   0   0 120 255
255 109   0   0  33  92  92  92  92  92  92  30   0   0 120 255
255 109   0   0  92 194 136 133 133 135 198  82   0   0 120 255
255 109   0   0  92 136 130  74  49 103 142  82   0   0 120 255
255 109   0   0  92 138 190 249 120  53 141  82   0   0 120 255
255 109   0   0  92 133  67 251 249  60 141  82   0   0 120 255
255 109   0   0  92 135 119 176 176 109 142  82   0   0 120 255
255 109   0   0  92 198 143 143 143 142 203  82   0   0 120 255
255 109   0   0  30  82  82  82  82  82  82  26   0   0 120 255
255 109   0   0   0   0   0   0   0   0   0   0   0   0 120 255
255 109   0   0   0   0   0   0   0   0   0   0   0   0 120 255
255 178 120 120 120 120 120 120 120 120 120 120 120 120 183 255
255 255 255 255 255 255 255 255 255 255 255 255 255 255 255 255
255 255 255 255 255 255 255 255 255 255 255 255 255 255 255 255
255 172 109 109 109 109 109 109 109 109 109 109 109 109 178 255
255 109   0   0   0   0   0   0   0   0   0   0   0   0 120 255
255 109   0   0   0   0   0   0   0   0   0   0   0   0 120 255
255 109   0   0  33  92  92  92  92  92  92  30   0   0 120 255
255 109   0   0  92 194 136 133 133 135 198  82   0   0 120 255
255 109   0   0  92 136 130  74  49 103 142  82   0   0 120 255
255 109   0   0  92 138 190 249 120  53 141  82   0   0 120 255
255 109   0   0  92 133  67 251 249  60 141  82   0   0 120 255
255 109   0   0  92 135 119 176 176 109 142  82   0   0 120 255
255 109   0   0  92 198 143 143 143 142 203  82   0   0 120 255
255 109   0   0  30  82  82  82  82  82  82  26   0   0 120 255
255 109   0   0   0   0   0   0   0   0   0   0   0   0 120 255
255 109   0   0   0   0   0   0   0   0   0   0   0   0 120 255
255 178 120 120 120 120 120 120 120 120 120 120 120 120 183 255
255 255 255 255 255 255 255 255 255 255 255 255 255 255 255 255

255 255 255 255 255 255 255 255 255 255 255 255 255 255 255 255
255 178 115 115 115 115 115 115 115 115 115 115 115 115 178 255
255 115   0   0   0   0   0   0   0   0   0   0   0   0 115 255
255 115   0   0   0   0   0   0   0   0   0   0   0   0 115 255
255 115   0   0  30  88  88  88  88  88  88  30   0   0 115 255
255 115   0   0  88 199 139 137 137 139 199  88   0   0 115 255
255 115   0   0  88 140 104  51  67 118 139  88   0   0 115 255
255 115   0   0  88 137  52 120 249 183 141  88   0   0 115 255
255 115   0   0  88 137  68 249 251 183 141  88   0   0 115 255
255 115   0   0  88 140 123 184  70 120 140  88   0   0 115 255
255 115   0   0  88 199 140 142 138 140 199  88   0   0 115 255
255 115   0   0  30  88  88  88  88  88  88  30   0   0 115 255
255 115   0   0   0   0   0   0   0   0   0   0   0   0 115 255
255 115   0   0   0   0   0   0   0   0   0   0   0   0 115 255
255 178 115 115 115 115 115 115 115 115 115 115 115 115 178 255
255 255 255 255 255 255 255 255 255 255 255 255 255 255 255 255
255 255 255 255 255 255 255 255 255 255 255 255 255 255 255 255
255 178 115 115 115 115 115 115 115 115 115 115 115 115 178 255
255 115   0   0   0   0   0   0   0   0   0   0   0   0 115 255
255 115   0   0   0   0   0   0   0   0   0   0   0   0 115 255
255 115   0   0  30  88  88  88  88  88  88  30   0   0 115 255
255 115   0   0  88 199 139 137 137 139 199  88   0   0 115 255
255 115   0   0  88 140 104  51  67 118 139  88   0   0 115 255
255 115   0   0  88 137  52 120 249 183 141  88   0   0 115 255
255 115   0   0  88 137  68 249 251 183 141  88   0   0 115 255
255 115   0   0  88 140 123 184  70 120 140  88   0   0 115 255
255 115   0   0  88 199 140 142 138 140 199  88   0   0 115 255
255 115   0   0  30  88  88  88  88  88  88  30   0   0 115 255
255 115   0   0   0   0   0   0   0   0   0   0   0   0 115 255
255 115   0   0   0   0   0   0   0   0   0   0   0   0 115 255
255 178 115 115 115 115 115 115 115 115 115 115 115 115 178 255
255 255 255 255 255 255 255 255 255 255 255 255 255 255 255 255
255 255 255 255 255 255 255 255 255 255 255 255 255 255 255 255
255 178 115 115 115 115 115 115 115 115 115 115 115 115 178 255
255 115   0   0   0   0   0   0   0   0   0   0   0   0 115 255
255 115   0   0   0   0   0   0   0   0   0   0   0   0 115 255
255 115   0   0  30  88  88  88  88  88  88  30   0   0 115 255
255 115   0   0  88 199 139 137 137 139 199  88   0   0 115 255
255 115   0   0  88 140 104  51  67 118 139  88   0   0 115 255
255 115   0   0  88 137  52 120 249 183 141  88   0   0 115 255
255 115   0   0  88 137  68 249 251 183 141  88   0   0 115 255
255 115   0   0  88 140 123 184  70 120 140  88   0   0 115 255
255 115   0   0  88 199 140 142 138 140 199  88   0   0 115 255
255 115   0   0  30  88  88  88  88  88  88  30   0   0 115 255
255 115   0   0   0   0   0   0   0   0   0   0   0   0 115 255
255 115   0   0   0   0   0   0   0   0   0   0   0   0 115 255
255 178 115 115 115 115 115 115 115 115 115 115 115 115 178 255
255 255 255 255 255 255 255 255 255 255 255 255 255 255 255 255
